324859.38
317832.15
329442.71
318256.97
332396.0
321379.91
321148.77
322511.31
319441.26
320864.97
329332.33
323916.28
324791.74
328147.07
327799.73
328755.56
325907.15
325299.13
320302.58
322617.47
328578.54
323846.5
318042.95
326848.54
318698.29
329139.16
323407.98
319811.94
328282.93
331945.74
325465.77
323310.82
332650.83
323706.92
325855.57
326889.36
326920.97
321266.99
327508.1
325592.39
328951.45
328182.66
323518.62
318285.86
322914.02
328456.58
328407.48
328844.39
329760.94
328244.63
320248.57
321324.11
330250.38
325075.64
330195.96
327325.33
322343.99
332575.29
318052.78
322622.79
325286.19
324230.4
326438.12
322984.78
322693.37
325152.13
318793.8
327625.26
331870.77
330653.94
323602.81
327242.39
324324.27
318769.44
321732.47
320791.21
322056.21
323487.79
327713.54
327620.09
329292.93
327261.76
331970.38
329369.16
326298.84
320889.79
315974.75
322501.21
326562.13
330582.51
327377.68
312870.23
332966.55
323255.81
324832.43
324551.57
332117.7
328877.12
322757.72
311460.21
317396.0
314241.64
330341.75
313915.41
326129.97
327348.47
328395.6
322830.99
317625.89
327085.39
319410.54
323538.26
325516.35
304425.33
325530.32
314429.86
310968.22
327621.58
317665.96
320302.34
320389.5
314967.45
321239.83
323253.86
314261.76
325337.36
314412.49
321654.53
324733.73
319366.97
316179.42
319838.67
324027.93
318281.51
316137.69
308781.5
316115.54
325976.99
327294.0
319575.12
311366.87
328188.59
316158.73
311688.3
318995.77
312942.05
312029.5
319997.23
317936.23
317060.31
315984.39
316831.6
319035.5
315027.07
312671.29
316141.39
322833.44
315436.86
321062.74
310904.27
312941.97
310670.13
304239.68
308467.1
314767.02
314445.81
313257.72
318509.3
311263.0
316942.68
308367.83
308519.77
307433.21
313524.35
301176.15
307592.38
299155.63
304660.78
301170.92
301965.35
303346.27
303886.87
310322.06
306222.25
303382.1
304216.05
304354.98
305481.94
304672.72
304711.95
307316.74
305207.98
313184.78
308729.4
303156.41
298117.53
295510.89
298376.85
290479.45
293678.55
290736.99
294518.28
290563.52
286319.75
290235.88
292653.18
288213.21
287074.99
285852.19
291777.65
290733.52
282079.99
296215.33
288780.33
282599.79
280159.58
280421.15
279659.88
285989.92
282826.75
288559.68
281633.56
289355.46
289453.14
277788.05
283783.51
282128.83
283299.79
286434.86
281198.3
279315.85
283923.3
278995.33
278269.95
286189.34
277722.8
278475.08
284990.56
275149.7
284263.29
275786.11
275130.14
278270.43
283353.02
284705.69
280702.87
277863.68
280573.3
275944.41
279931.4
278711.49
273995.81
272967.76
280803.89
274785.12
276026.79
274957.32
270189.22
274673.22
275148.61
273142.8
267948.88
272137.18
266150.91
269530.25
273521.82
270320.92
274873.26
270297.75
265095.75
268823.04
264940.97
263316.44
268729.78
273489.72
271309.61
273019.53
271105.93
268640.23
269847.56
268849.44
266167.62
270917.4
262496.99
263171.73
260657.07
253443.74
260164.24
256264.65
261869.92
250786.09
259408.8
253592.13
260977.34
254824.91
254093.44
251455.48
254530.57
252956.89
254790.11
255624.14
251552.82
250182.87
255249.37
256586.26
254730.35
249756.38
246959.95
247689.13
253367.59
254026.2
245832.79
246217.87
250228.95
251193.63
246857.48
242999.72
248131.39
252364.47
244633.26
246371.74
247497.42
246619.94
245907.51
244936.06
247866.19
245426.13
243949.58
243219.69
246034.01
235925.86
241306.98
243913.64
242099.41
241367.09
241728.35
240828.75
238092.62
238658.92
238440.3
237031.83
237374.56
239185.58
238772.03
235767.25
239597.18
239276.75
238172.79
237706.36
237779.91
237219.74
235153.71
238766.23
233546.74
238730.23
235980.12
235016.61
233137.14
235088.43
234001.36
235855.84
236373.44
234156.52
237530.95
233373.03
232868.95
231382.86
232292.82
232217.14
236747.66
235817.22
232067.13
231164.13
230684.78
230876.51
233837.58
233608.45
230483.38
234928.43
232983.84
230904.61
229125.9
230040.57
230222.27
226970.62
230679.48
229707.98
228588.58
230983.94
228103.6
225647.15
230174.14
226626.54
223159.26
228355.99
226584.26
225404.22
226373.29
226333.06
224952.95
225209.5
221834.26
225111.84
224909.96
226622.58
225149.18
227074.79
223782.98
221195.89
227752.29
224740.37
220428.23
223524.03
225602.83
222624.54
223941.34
223341.02
222332.5
219811.48
222591.61
220594.74
216755.82
221271.92
217097.46
217057.89
217393.13
218828.61
214444.58
217380.92
218996.33
218901.98
214473.81
217260.53
217826.73
215490.01
219067.15
217053.27
215263.35
214718.47
216961.8
218585.36
219039.87
211589.9
218572.69
214670.02
217301.42
216694.98
213868.89
210845.7
210570.68
208037.27
212467.98
213221.14
210258.35
207843.95
212991.2
211759.94
212433.28
210392.82
211873.47
207312.71
209732.18
208015.58
209104.95
210106.09
210029.74
209710.49
209242.45
209746.79
210400.17
207518.32
209334.73
210834.34
207843.95
206587.03
208922.99
207240.67
207547.54
207478.5
208133.82
209709.77
206794.99
207360.39
206542.42
205608.41
206673.28
208566.27
204047.2
203580.32
203795.83
205556.7
203090.59
203283.91
203049.08
203828.68
203035.67
205615.17
203090.59
203108.75
203870.19
204942.22
203035.67
202842.35
203090.59
203090.59
202842.35
203035.67
202842.35
202842.35
202842.35
202842.35
203058.8
202842.35
202842.35
203035.67
202842.35
202842.35
203035.67
202842.35
202842.35
202667.19
203058.8
202842.35
203035.67
202842.35
202842.35
202667.19
202667.19
202842.35
202667.19
202667.19
202667.19
202842.35
202810.56
202667.19
202667.19
202667.19
202667.19
202667.19
202667.19
202667.19
202667.19
202667.19
202667.19
202667.19
202667.19
202667.19
202667.19
202667.19
202667.19
202667.19
202667.19
202667.19
202667.19
202667.19
202667.19
202667.19
202667.19
202667.19
202667.19
202667.19
202667.19
202667.19
202667.19
202667.19
202667.19
202667.19
202667.19
202667.19
202667.19
202667.19
202667.19
202273.77
202667.19
203062.53
203857.86
202103.77
204469.58
202667.19
202873.92
203565.4
206088.7
203591.09
206385.98
202273.03
205932.82
202897.6
203967.27
203037.33
203467.55
202276.94
204516.78
203938.33
206084.05
202649.33
203883.45
205029.12
202225.23
201678.92
201277.24
203436.61
206535.63
200707.61
203944.34
202216.72
202873.92
200850.98
201330.01
203192.78
201466.38
200445.55
202846.56
203681.07
202216.72
199824.3
200459.37
201197.34
199253.01
202672.31
200196.08
200436.55
200146.68
200402.57
202955.56
201729.94
198649.13
199408.71
201330.01
200060.42
199115.44
201447.81
198989.72
199221.73
202406.93
199355.91
200686.62
199152.55
198233.54
199115.44
201843.51
198233.54
198202.35
199719.23
199617.07
198210.12
198940.32
198940.32
198699.85
199990.89
198233.54
198971.51
198377.47
197961.88
198649.13
198649.13
198481.78
198981.26
198233.54
197961.88
198377.47
197961.88
198699.85
198481.78
197961.88
198377.47
198202.35
198233.54
198617.94
198103.11
197439.17
198515.02
197281.18
198042.96
198202.35
198617.94
197023.58
198264.17
198971.51
199408.44
197023.58
197418.92
197439.17
198645.98
196930.53
197023.58
197023.58
196909.72
197418.92
197143.9
197305.06
190642.57
197023.58
196930.53
196662.11
190642.57
191037.91
190642.57
191037.91
190642.57
190642.57
191037.91
190642.57
190642.57
190642.57
190642.57
190642.57
190642.57
190642.57
190642.57
190642.57
190642.57
190642.57
190642.57
190642.57
190642.57
190642.57
190642.57
190642.57
190642.57
190642.57
190642.57
190642.57
190642.57
190642.57
190642.57
190642.57
190642.57
190642.57
190642.57
190642.57
190642.57
190642.57
190642.57
190642.57
190642.57
190642.57
190642.57
190642.57
190642.57
190642.57
190642.57
190642.57
190642.57
190642.57
190642.57
190642.57
190642.57
190642.57
190642.57
190642.57
190642.57
190642.57
190642.57
190642.57
190642.57
190642.57
190642.57
190642.57
190642.57
190642.57
190642.57
190642.57
190642.57
190642.57
190642.57
190642.57
190642.57
190642.57
190642.57
190642.57
190642.57
190642.57
190642.57
190642.57
190642.57
190642.57
190642.57
190642.57
190642.57
190642.57
190642.57
190642.57
190642.57
190642.57
190642.57
190642.57
190642.57
190642.57
190642.57
190642.57
190642.57
190642.57
190642.57
190642.57
190642.57
190642.57
190642.57
190642.57
190642.57
190642.57
190642.57
190642.57
190642.57
190642.57
190642.57
190642.57
190642.57
190642.57
190642.57
190642.57
190642.57
190642.57
190642.57
190642.57
190642.57
190642.57
190642.57
190642.57
190642.57
190642.57
190642.57
190642.57
190642.57
190642.57
190642.57
190642.57
190642.57
190642.57
190642.57
190642.57
190642.57
190642.57
190642.57
190642.57
190642.57
190642.57
190642.57
190642.57
190642.57
190642.57
190642.57
190642.57
190642.57
190642.57
190642.57
190642.57
190642.57
190642.57
190642.57
190642.57
190642.57
190642.57
190642.57
190642.57
190642.57
190642.57
190642.57
190642.57
190642.57
190642.57
190642.57
190642.57
190642.57
190642.57
190642.57
190642.57
190642.57
190642.57
190642.57
190642.57
190642.57
190642.57
190642.57
190642.57
190642.57
190642.57
190642.57
190642.57
188700.93
188305.59
188305.59
188305.59
188305.59
190642.57
188305.59
188305.59
188305.59
188305.59
188305.59
188305.59
188305.59
188305.59
188305.59
188305.59
188305.59
188305.59
188305.59
188305.59
188305.59
188305.59
188305.59
188305.59
188305.59
188305.59
188305.59
188305.59
188305.59
188305.59
188305.59
188305.59
188305.59
188305.59
188305.59
188305.59
188305.59
188305.59
188305.59
188305.59
188305.59
188305.59
188305.59
188305.59
188305.59
188305.59
188305.59
188305.59
188305.59
188305.59
188305.59
188305.59
188305.59
188305.59
188305.59
188305.59
188305.59
188305.59
188305.59
188305.59
188305.59
188305.59
188305.59
188305.59
188305.59
188305.59
188305.59
188305.59
188305.59
188305.59
188305.59
188305.59
188305.59
188305.59
188305.59
188305.59
188305.59
188305.59
188305.59
188305.59
188305.59
188305.59
188305.59
188305.59
188305.59
188305.59
188305.59
188305.59
188305.59
188305.59
188305.59
188305.59
188305.59
188305.59
188305.59
188305.59
188305.59
188305.59
188305.59
188305.59
188305.59
188305.59
188305.59
188305.59
188305.59
188305.59
188305.59
188305.59
188305.59
188305.59
188305.59
188305.59
188305.59
188305.59
188305.59
188305.59
188305.59
188305.59
188305.59
188305.59
188305.59
188305.59
188305.59
188305.59
188305.59
188305.59
188305.59
188305.59
188305.59
188305.59
188305.59
188305.59
188305.59
188305.59
188305.59
188305.59
188305.59
188305.59
188305.59
188305.59
188305.59
188305.59
188305.59
188305.59
188305.59
188305.59
188305.59
188305.59
188305.59
188305.59
188305.59
188305.59
188305.59
188305.59
188305.59
188305.59
188305.59
188305.59
188305.59
188305.59
188305.59
188305.59
188305.59
188305.59
188305.59
188305.59
188305.59
188305.59
188305.59
188305.59
188305.59
188305.59
188305.59
188305.59
188305.59
188305.59
188305.59
188305.59
188305.59
188305.59
188305.59
188305.59
188305.59
188305.59
188305.59
188305.59
188305.59
188305.59
188305.59
188305.59
188305.59
188305.59
188305.59
188305.59
188305.59
188305.59
188305.59
188305.59
188305.59
188305.59
188016.78
188305.59
185670.17
185274.83
185670.17
185274.83
185274.83
185274.83
185274.83
185274.83
185274.83
185274.83
185274.83
185670.17
185274.83
185274.83
185274.83
185274.83
185274.83
185274.83
185274.83
185274.83
185274.83
185274.83
185274.83
185274.83
185274.83
185274.83
185274.83
185274.83
185274.83
185274.83
185274.83
185274.83
185274.83
185274.83
185274.83
185274.83
185274.83
185274.83
185274.83
185274.83
185274.83
185274.83
185274.83
185274.83
185274.83
185274.83
185274.83
185274.83
185274.83
185274.83
185274.83
185274.83
185274.83
185274.83
185274.83
185274.83
185274.83
185274.83
185274.83
185274.83
185274.83
185274.83
185274.83
185274.83
185274.83
185274.83
185274.83
185274.83
185274.83
185274.83
185274.83
185274.83
185274.83
185274.83
185274.83
185274.83
185274.83
185274.83
185274.83
185274.83
185274.83
185274.83
185274.83
185274.83
185274.83
185274.83
185274.83
185274.83
185274.83
185274.83
185274.83
185274.83
185274.83
185274.83
185274.83
185274.83
185274.83
185274.83
185274.83
185274.83
185274.83
185274.83
185274.83
185274.83
185274.83
185274.83
185274.83
185274.83
185274.83
185274.83
185274.83
185274.83
185274.83
185274.83
185274.83
185274.83
185274.83
185274.83
185274.83
185274.83
185274.83
185274.83
185274.83
185274.83
185274.83
182537.94
185274.83
185274.83
185274.83
182933.28
185274.83
182537.94
182537.94
182537.94
182537.94
182537.94
182537.94
182537.94
182537.94
182537.94
182537.94
182537.94
182537.94
182537.94
182537.94
182537.94
182537.94
182537.94
182537.94
182537.94
182537.94
182537.94
182537.94
182537.94
182537.94
182537.94
182537.94
182537.94
182537.94
182537.94
182537.94
182537.94
182537.94
182537.94
182537.94
182537.94
182537.94
182537.94
182537.94
182537.94
182537.94
182537.94
182537.94
182537.94
182537.94
182537.94
182537.94
182537.94
182537.94
182537.94
182537.94
182537.94
182537.94
182537.94
182537.94
182537.94
182537.94
182537.94
182537.94
182537.94
182537.94
182537.94
182537.94
182537.94
182537.94
182537.94
182537.94
182537.94
182537.94
182537.94
182537.94
182537.94
182537.94
182537.94
182537.94
182537.94
182537.94
182537.94
182537.94
182537.94
182537.94
182537.94
182537.94
182537.94
182537.94
182537.94
182537.94
182537.94
182537.94
182537.94
182537.94
182537.94
182537.94
182537.94
182537.94
182537.94
182537.94
182537.94
182537.94
182537.94
182537.94
182537.94
182537.94
182537.94
182537.94
182537.94
182537.94
182537.94
182537.94
182537.94
182537.94
182537.94
182537.94
182537.94
182537.94
182537.94
182537.94
182537.94
182537.94
182537.94
182537.94
182537.94
182537.94
182537.94
182537.94
182537.94
182537.94
182537.94
182537.94
182537.94
182537.94
182537.94
182537.94
182537.94
182537.94
182537.94
182537.94
182537.94
182537.94
182537.94
182537.94
182537.94
182537.94
182537.94
182537.94
182537.94
182537.94
182537.94
182537.94
182537.94
182537.94
182537.94
182537.94
182537.94
182537.94
182537.94
182537.94
182537.94
182537.94
182537.94
182537.94
182537.94
182537.94
182537.94
182537.94
182537.94
182537.94
182537.94
182537.94
182537.94
182537.94
182537.94
182537.94
182537.94
182537.94
182537.94
182537.94
182537.94
182537.94
182537.94
182537.94
182537.94
182537.94
182537.94
182537.94
182537.94
182537.94
182537.94
182537.94
182537.94
182537.94
182537.94
182537.94
182537.94
182537.94
182537.94
182537.94
182537.94
182537.94
182537.94
182537.94
182537.94
182537.94
182537.94
182537.94
182537.94
182537.94
182537.94
182537.94
182537.94
182537.94
182537.94
182537.94
182537.94
182537.94
182537.94
182537.94
182537.94
182537.94
182537.94
182537.94
182537.94
182537.94
182537.94
182537.94
182537.94
182537.94
182537.94
182537.94
182537.94
182537.94
182537.94
182537.94
182537.94
182537.94
182537.94
182537.94
182537.94
182537.94
182537.94
182537.94
182537.94
182537.94
182537.94
182537.94
182537.94
182537.94
182537.94
182537.94
182537.94
182537.94
182537.94
182537.94
182537.94
182537.94
182537.94
182537.94
182537.94
182537.94
182537.94
182537.94
182537.94
182537.94
182537.94
182537.94
182537.94
182537.94
182537.94
182537.94
182537.94
182537.94
182537.94
182537.94
182537.94
182537.94
182537.94
182537.94
182537.94
182537.94
182537.94
182537.94
182537.94
182537.94
182537.94
182537.94
182537.94
182537.94
182537.94
182537.94
182537.94
182537.94
182537.94
182537.94
182537.94
182537.94
182537.94
182537.94
182537.94
182537.94
182537.94
182537.94
182537.94
182537.94
182537.94
182537.94
182537.94
182537.94
182537.94
182537.94
182537.94
182537.94
182537.94
182537.94
182537.94
182537.94
182537.94
182537.94
182537.94
182537.94
182537.94
182537.94
182537.94
182537.94
182537.94
182537.94
182537.94
182537.94
182537.94
182537.94
182537.94
182537.94
182537.94
182537.94
182537.94
182537.94
182537.94
182537.94
182537.94
182537.94
182537.94
182537.94
182537.94
182537.94
182537.94
182537.94
182537.94
182537.94
182537.94
182537.94
182537.94
182537.94
182537.94
182537.94
182537.94
182537.94
182537.94
182537.94
182537.94
182537.94
182537.94
182537.94
182537.94
182537.94
182537.94
182537.94
182537.94
182537.94
182537.94
182537.94
182537.94
182537.94
182537.94
182537.94
182537.94
182537.94
182537.94
182537.94
182537.94
182537.94
182537.94
182537.94
182537.94
182537.94
182537.94
182537.94
182537.94
182537.94
182537.94
182537.94
182537.94
182537.94
182537.94
182537.94
182537.94
182537.94
182537.94
182537.94
182537.94
182537.94
182537.94
182537.94
182537.94
182537.94
182537.94
182537.94
182537.94
182537.94
182537.94
182537.94
182537.94
182537.94
182537.94
182537.94
182537.94
182537.94
182537.94
182537.94
182537.94
182537.94
182537.94
182537.94
182537.94
182537.94
182537.94
182537.94
182537.94
182537.94
182537.94
182537.94
182537.94
182537.94
182537.94
182537.94
182537.94
182537.94
182537.94
182537.94
182537.94
182537.94
182537.94
182537.94
182537.94
182537.94
182537.94
182537.94
182537.94
182537.94
182537.94
182537.94
182537.94
182537.94
182537.94
182537.94
182537.94
182537.94
182537.94
182537.94
182537.94
182537.94
182537.94
182537.94
182537.94
182537.94
182537.94
182537.94
182537.94
182537.94
182537.94
182537.94
182537.94
182537.94
182537.94
182537.94
182537.94
182537.94
182537.94
182537.94
182537.94
182537.94
182537.94
182537.94
182537.94
182537.94
182537.94
182537.94
182537.94
182537.94
182537.94
182537.94
182537.94
182537.94
182537.94
182537.94
182537.94
182537.94
182537.94
182537.94
182537.94
182537.94
182537.94
182537.94
182537.94
182537.94
182537.94
182537.94
182537.94
182537.94
182537.94
182537.94
182537.94
182537.94
182537.94
182537.94
182537.94
182537.94
182537.94
182537.94
182537.94
182537.94
182537.94
182537.94
182537.94
182537.94
182537.94
182537.94
182537.94
182537.94
182537.94
182537.94
182537.94
182537.94
182537.94
182537.94
182537.94
182537.94
182537.94
182537.94
182537.94
182537.94
182537.94
182537.94
182537.94
182537.94
182537.94
182537.94
182537.94
182537.94
182537.94
182537.94
182537.94
182537.94
182537.94
182537.94
182537.94
182537.94
182537.94
182537.94
182537.94
182537.94
182537.94
182537.94
182537.94
182537.94
182537.94
182537.94
182537.94
182537.94
182537.94
182537.94
182537.94
182537.94
182537.94
182537.94
182537.94
182537.94
182537.94
182537.94
182537.94
182537.94
182537.94
182537.94
182537.94
182537.94
182537.94
182537.94
182537.94
182537.94
182537.94
182537.94
182537.94
182537.94
182537.94
182537.94
182537.94
182537.94
182537.94
182537.94
182537.94
182537.94
182537.94
182537.94
182537.94
182537.94
182537.94
182537.94
182537.94
182537.94
182537.94
182537.94
182537.94
182537.94
182537.94
182537.94
182537.94
182537.94
182537.94
182537.94
182537.94
182537.94
182537.94
182537.94
182537.94
182537.94
182537.94
182537.94
182537.94
182537.94
182537.94
182537.94
182537.94
182537.94
182537.94
182537.94
182537.94
182537.94
182537.94
182537.94
182537.94
182537.94
182537.94
182537.94
182537.94
182537.94
182537.94
182537.94
182537.94
182537.94
182537.94
182537.94
182537.94
182537.94
182537.94
182537.94
182537.94
182537.94
182537.94
182537.94
182537.94
182537.94
182537.94
182537.94
182537.94
182537.94
182537.94
182537.94
182537.94
182537.94
182537.94
182537.94
182537.94
182537.94
182537.94
182537.94
182537.94
182537.94
182537.94
182537.94
182537.94
182537.94
182537.94
182537.94
182537.94
182537.94
182537.94
182537.94
182537.94
182537.94
182537.94
182537.94
182537.94
182537.94
182537.94
182537.94
182537.94
182537.94
182537.94
182537.94
182537.94
182537.94
182537.94
182537.94
182537.94
182537.94
182537.94
182537.94
182537.94
182537.94
182537.94
182537.94
182537.94
182537.94
182537.94
182537.94
182537.94
182537.94
182537.94
182537.94
182537.94
182537.94
182537.94
182537.94
182537.94
182537.94
182537.94
182537.94
182537.94
182537.94
182537.94
182537.94
182537.94
182537.94
182537.94
182537.94
182537.94
182537.94
182537.94
182537.94
182537.94
182537.94
182537.94
182537.94
182537.94
182537.94
182537.94
182537.94
182537.94
182537.94
182537.94
182537.94
182537.94
182537.94
182537.94
182537.94
182537.94
182537.94
182537.94
182537.94
182537.94
182537.94
182537.94
182537.94
182537.94
182537.94
182537.94
182537.94
182537.94
182537.94
182537.94
182537.94
182537.94
182537.94
182537.94
182537.94
182537.94
182537.94
182537.94
182537.94
182537.94
182537.94
182537.94
182537.94
182537.94
182537.94
182537.94
182537.94
182537.94
182537.94
182537.94
182537.94
182537.94
182537.94
182537.94
182537.94
182537.94
182537.94
182537.94
182537.94
182537.94
182537.94
182537.94
182537.94
182537.94
182537.94
182537.94
182537.94
182537.94
182537.94
182537.94
182537.94
182537.94
182537.94
182537.94
182537.94
182537.94
182537.94
182537.94
182537.94
182537.94
182537.94
182537.94
182537.94
182537.94
182537.94
182537.94
182537.94
182537.94
182537.94
182537.94
182537.94
182537.94
182537.94
182537.94
182537.94
182537.94
182537.94
182537.94
182537.94
182537.94
182537.94
182537.94
182537.94
182537.94
182537.94
182537.94
182537.94
182537.94
182537.94
182537.94
182537.94
182537.94
182537.94
182537.94
182537.94
182537.94
182537.94
182537.94
182537.94
182537.94
182537.94
182537.94
182537.94
182537.94
182537.94
182537.94
182537.94
182537.94
182537.94
182537.94
182537.94
182537.94
182537.94
182537.94
182537.94
182537.94
182537.94
182537.94
182537.94
182537.94
182537.94
182537.94
182537.94
182537.94
182537.94
182537.94
182537.94
182537.94
182537.94
182537.94
182537.94
182537.94
182537.94
182537.94
182537.94
182537.94
182537.94
182537.94
182537.94
182537.94
182537.94
182537.94
182537.94
182537.94
182537.94
182537.94
182537.94
182537.94
182537.94
182537.94
182537.94
182537.94
182537.94
182537.94
182537.94
182537.94
182537.94
182537.94
182537.94
182537.94
182537.94
182537.94
182537.94
182537.94
182537.94
182537.94
182537.94
182537.94
182537.94
182537.94
182537.94
182537.94
182537.94
182537.94
182537.94
182537.94
182537.94
182537.94
182537.94
182537.94
182537.94
182537.94
182537.94
182537.94
182537.94
182537.94
182537.94
182537.94
182537.94
182537.94
182537.94
182537.94
182537.94
182537.94
182537.94
182537.94
182537.94
182537.94
182537.94
182537.94
182537.94
182537.94
182537.94
182537.94
182537.94
182537.94
182537.94
182537.94
182537.94
182537.94
182537.94
182537.94
182537.94
182537.94
182537.94
182537.94
182537.94
182537.94
182537.94
182537.94
182537.94
182537.94
182537.94
182537.94
182537.94
182537.94
182537.94
182537.94
182537.94
182537.94
182537.94
182537.94
182537.94
182537.94
182537.94
182537.94
182537.94
182537.94
182537.94
182537.94
182537.94
182537.94
182537.94
182537.94
182537.94
182537.94
182537.94
182537.94
182537.94
182537.94
182537.94
182537.94
182537.94
182537.94
182537.94
182537.94
182537.94
182537.94
182537.94
182537.94
182537.94
182537.94
182537.94
182537.94
182537.94
182537.94
182537.94
182537.94
182537.94
182537.94
182537.94
182537.94
182537.94
182537.94
182537.94
182537.94
182537.94
182537.94
182537.94
182537.94
182537.94
182537.94
182537.94
182537.94
182537.94
182537.94
182537.94
182537.94
182537.94
182537.94
182537.94
182537.94
182537.94
182537.94
182537.94
182537.94
182537.94
182537.94
182537.94
182537.94
182537.94
182537.94
182537.94
182537.94
182537.94
182537.94
182537.94
182537.94
182537.94
182537.94
182537.94
182537.94
182537.94
182537.94
182537.94
182537.94
182537.94
182537.94
182537.94
182537.94
182537.94
182537.94
182537.94
182537.94
182537.94
182537.94
182537.94
182537.94
182537.94
182537.94
182537.94
182537.94
182537.94
182537.94
182537.94
182537.94
182537.94
182537.94
182537.94
182537.94
182537.94
182537.94
182537.94
182537.94
182537.94
182537.94
182537.94
182537.94
182537.94
182537.94
182537.94
182537.94
182537.94
182537.94
182537.94
182537.94
182537.94
182537.94
182537.94
182537.94
182537.94
182537.94
182537.94
182537.94
182537.94
182537.94
182537.94
182537.94
182537.94
182537.94
182537.94
182537.94
182537.94
182537.94
182537.94
182537.94
182537.94
182537.94
182537.94
182537.94
182537.94
182537.94
182537.94
182537.94
182537.94
182537.94
182537.94
182537.94
182537.94
182537.94
182537.94
182537.94
182537.94
182537.94
182537.94
182537.94
182537.94
182537.94
182537.94
182537.94
182537.94
182537.94
182537.94
182537.94
182537.94
182537.94
182537.94
182537.94
182537.94
182537.94
182537.94
182537.94
182537.94
182537.94
182537.94
182537.94
182537.94
182537.94
182537.94
182537.94
182537.94
182537.94
182537.94
182537.94
182537.94
182537.94
182537.94
182537.94
182537.94
182537.94
182537.94
182537.94
182537.94
182537.94
182537.94
182537.94
182537.94
182537.94
182537.94
182537.94
182537.94
182537.94
182537.94
182537.94
182537.94
182537.94
182537.94
182537.94
182537.94
182537.94
182537.94
182537.94
182537.94
182537.94
182537.94
182537.94
182537.94
182537.94
182537.94
182537.94
182537.94
182537.94
182537.94
182537.94
182537.94
182537.94
182537.94
182537.94
182537.94
182537.94
182537.94
182537.94
182537.94
182537.94
182537.94
182537.94
182537.94
182537.94
182537.94
182537.94
182537.94
182537.94
182537.94
182537.94
182537.94
182537.94
182537.94
182537.94
182537.94
182537.94
182537.94
182537.94
182537.94
182537.94
182537.94
182537.94
182537.94
182537.94
182537.94
182537.94
182537.94
182537.94
182537.94
182537.94
182537.94
182537.94
182537.94
182537.94
182537.94
182537.94
182537.94
182537.94
182537.94
182537.94
182537.94
182537.94
182537.94
182537.94
182537.94
182537.94
182537.94
182537.94
182537.94
182537.94
182537.94
182537.94
182537.94
182537.94
182537.94
182537.94
182537.94
182537.94
182537.94
182537.94
182537.94
182537.94
182537.94
182537.94
182537.94
182537.94
182537.94
182537.94
182537.94
182537.94
182537.94
182537.94
182537.94
182537.94
182537.94
182537.94
182537.94
182537.94
182537.94
182537.94
182537.94
182537.94
182537.94
182537.94
182537.94
182537.94
182537.94
182537.94
182537.94
182537.94
182537.94
182537.94
182537.94
182537.94
182537.94
182537.94
182537.94
182537.94
182537.94
182537.94
182537.94
182537.94
182537.94
182537.94
182537.94
182537.94
182537.94
182537.94
182537.94
182537.94
182537.94
182537.94
182537.94
182537.94
182537.94
182537.94
182537.94
182537.94
182537.94
182537.94
182537.94
182537.94
182537.94
182537.94
182537.94
182537.94
182537.94
182537.94
182537.94
182537.94
182537.94
182537.94
182537.94
182537.94
182537.94
182537.94
182537.94
182537.94
182537.94
182537.94
182537.94
182537.94
182537.94
182537.94
182537.94
182537.94
182537.94
182537.94
182537.94
182537.94
182537.94
182537.94
182537.94
182537.94
182537.94
182537.94
182537.94
182537.94
182537.94
182537.94
182537.94
182537.94
182537.94
182537.94
182537.94
182537.94
182537.94
182537.94
182537.94
182537.94
182537.94
182537.94
182537.94
182537.94
182537.94
182537.94
182537.94
182537.94
182537.94
182537.94
182537.94
182537.94
182537.94
182537.94
182537.94
182537.94
182537.94
182537.94
182537.94
182537.94
182537.94
182537.94
182537.94
182537.94
182537.94
182537.94
182537.94
182537.94
182537.94
182537.94
182537.94
182537.94
182537.94
182537.94
182537.94
182537.94
182537.94
182537.94
182537.94
182537.94
182537.94
182537.94
182537.94
182537.94
182537.94
182537.94
182537.94
182537.94
182537.94
182537.94
182537.94
182537.94
182537.94
182537.94
182537.94
182537.94
182537.94
182537.94
182537.94
182537.94
182537.94
182537.94
182537.94
182537.94
182537.94
182537.94
182537.94
182537.94
182537.94
182537.94
182537.94
182537.94
182537.94
182537.94
182537.94
182537.94
182537.94
182537.94
182537.94
182537.94
182537.94
182537.94
182537.94
182537.94
182537.94
182537.94
182537.94
182537.94
182537.94
182537.94
182537.94
182537.94
182537.94
182537.94
182537.94
182537.94
182537.94
182537.94
182537.94
182537.94
182537.94
182537.94
182537.94
182537.94
182537.94
182537.94
182537.94
182537.94
182537.94
182537.94
182537.94
182537.94
182537.94
182537.94
182537.94
182537.94
182537.94
182537.94
182537.94
182537.94
182537.94
182537.94
182537.94
182537.94
182537.94
182537.94
182537.94
182537.94
182537.94
182537.94
182537.94
182537.94
182537.94
182537.94
182537.94
182537.94
182537.94
182537.94
182537.94
182537.94
182537.94
182537.94
182537.94
182537.94
182537.94
182537.94
182537.94
182537.94
182537.94
182537.94
182537.94
182537.94
182537.94
182537.94
182537.94
182537.94
182537.94
182537.94
182537.94
182537.94
182537.94
182537.94
182537.94
182537.94
182537.94
182537.94
182537.94
182537.94
182537.94
182537.94
182537.94
182537.94
182537.94
182537.94
182537.94
182537.94
182537.94
182537.94
182537.94
182537.94
182537.94
182537.94
182537.94
182537.94
182537.94
182537.94
182537.94
182537.94
182537.94
182537.94
182537.94
182537.94
182537.94
182537.94
182537.94
182537.94
182537.94
182537.94
182537.94
182537.94
182537.94
182537.94
182537.94
182537.94
182537.94
182537.94
182537.94
182537.94
182537.94
182537.94
182537.94
182537.94
182537.94
182537.94
182537.94
182537.94
182537.94
182537.94
182537.94
182537.94
182537.94
182537.94
182537.94
182537.94
182537.94
182537.94
182537.94
182537.94
182537.94
182537.94
182537.94
182537.94
182537.94
182537.94
182537.94
182537.94
182537.94
182537.94
182537.94
182537.94
182537.94
182537.94
182537.94
182537.94
182537.94
182537.94
182537.94
182537.94
182537.94
182537.94
182537.94
182537.94
182537.94
182537.94
182537.94
182537.94
182537.94
182537.94
182537.94
182537.94
182537.94
182537.94
182537.94
182537.94
182537.94
182537.94
182537.94
182537.94
182537.94
182537.94
182537.94
182537.94
182537.94
182537.94
182537.94
182537.94
182537.94
182537.94
182537.94
182537.94
182537.94
182537.94
182537.94
182537.94
182537.94
182537.94
182537.94
182537.94
182537.94
182537.94
182537.94
182537.94
182537.94
182537.94
182537.94
182537.94
182537.94
182537.94
182537.94
182537.94
182537.94
182537.94
182537.94
182537.94
182537.94
182537.94
182537.94
182537.94
182537.94
182537.94
182537.94
182537.94
182537.94
182537.94
182537.94
182537.94
182537.94
182537.94
182537.94
182537.94
182537.94
182537.94
182537.94
182537.94
182537.94
182537.94
182537.94
182537.94
182537.94
182537.94
182537.94
182537.94
182537.94
182537.94
182537.94
182537.94
182537.94
182537.94
182537.94
182537.94
182537.94
182537.94
182537.94
182537.94
182537.94
182537.94
182537.94
182537.94
182537.94
182537.94
182537.94
182537.94
