inf
281993.28, 200000
274558.5, 200000
235121.38, 200000
205110.77, 200000
189908.37, 200000
183116.95, 200000
169305.31, 200000
167081.78, 200000
167081.78, 200000
167081.78, 200000
167081.78, 200000
167081.78, 200000
167081.78, 200000
167081.78, 200000
167081.78, 200000
167081.78, 200000
167081.78, 200000
167081.78, 200000
167081.78, 200000
167081.78, 200000
167081.78, 200000
167081.78, 200000
167081.78, 200000
167081.78, 200000
167081.78, 200000
167081.78, 200000
167081.78, 200000
167081.78, 200000
167081.78, 200000
